{
	"Invested": 1.2817990305753933,
	"AverageOpen": 25.35,
	"NetProfit": -3.1235,
	"Equity": 1.301532998660878,
	"PublicPositions": [
		{
			"PositionID": 924912114,
			"CID": 12146739,
			"OpenDateTime": "2021-01-26T15:44:04.2030000Z",
			"OpenRate": 25.43,
			"InstrumentID": 6219,
			"IsBuy": true,
			"TakeProfitRate": 0.0,
			"StopLossRate": 0.01,
			"MirrorID": 0,
			"ParentPositionID": 0,
			"Amount": 0.3204497576438483,
			"CurrentRate": 24.56,
			"PipDifference": -87.0,
			"NetProfit": -3.423849,
			"IsTslEnabled": false,
			"Leverage": 1
		},
		{
			"PositionID": 924900076,
			"CID": 12146739,
			"OpenDateTime": "2021-01-26T15:41:38.1370000Z",
			"OpenRate": 25.45,
			"InstrumentID": 6219,
			"IsBuy": true,
			"TakeProfitRate": 0.0,
			"StopLossRate": 0.01,
			"MirrorID": 0,
			"ParentPositionID": 0,
			"Amount": 0.3204497576438483,
			"CurrentRate": 24.56,
			"PipDifference": -89.0,
			"NetProfit": -3.497053,
			"IsTslEnabled": false,
			"Leverage": 1
		},
		{
			"PositionID": 925116338,
			"CID": 12146739,
			"OpenDateTime": "2021-01-26T16:12:24.8030000Z",
			"OpenRate": 25.33,
			"InstrumentID": 6219,
			"IsBuy": true,
			"TakeProfitRate": 0.0,
			"StopLossRate": 0.01,
			"MirrorID": 0,
			"ParentPositionID": 0,
			"Amount": 0.3204497576438483,
			"CurrentRate": 24.56,
			"PipDifference": -77.0,
			"NetProfit": -3.038674,
			"IsTslEnabled": false,
			"Leverage": 1
		},
		{
			"PositionID": 925126544,
			"CID": 12146739,
			"OpenDateTime": "2021-01-26T16:14:25.0730000Z",
			"OpenRate": 25.2,
			"InstrumentID": 6219,
			"IsBuy": true,
			"TakeProfitRate": 0.0,
			"StopLossRate": 0.01,
			"MirrorID": 0,
			"ParentPositionID": 0,
			"Amount": 0.3204497576438483,
			"CurrentRate": 24.56,
			"PipDifference": -64.0,
			"NetProfit": -2.5346535,
			"IsTslEnabled": false,
			"Leverage": 1
		}
	]
}